7
Amanita_abrupta         0.0000000 0.4976548 0.2268376 0.5355419 0.5505150 0.5520769 1.7659646 
Amanita_muscaria        0.4976548 0.0000000 0.5561579 0.4558705 0.4409231 0.4454588 1.7737482 
Amanita_hongoi          0.2268376 0.5561579 0.0000000 0.4996815 0.5142752 0.5339470 1.9549235 
Amanita_flavipes        0.5355419 0.4558705 0.4996815 0.0000000 0.0128130 0.0325960 1.9401068 
Amanita_neo-ovoidea     0.5505150 0.4409231 0.5142752 0.0128130 0.0000000 0.0286517 1.9774034 
Amanita_citrina         0.5520769 0.4454588 0.5339470 0.0325960 0.0286517 0.0000000 2.0306324 
Auxarthron_filamentosum 1.7659646 1.7737482 1.9549235 1.9401068 1.9774034 2.0306324 0.0000000 
